{
 "cells": [
  {
   "cell_type": "code",
   "execution_count": 2,
   "metadata": {},
   "outputs": [
    {
     "name": "stdout",
     "output_type": "stream",
     "text": [
      "/home/tkim/Academics/DistMEC_SL\n"
     ]
    }
   ],
   "source": [
    "cd /home/tkim/Academics/DistMEC_SL/"
   ]
  },
  {
   "cell_type": "code",
   "execution_count": 3,
   "metadata": {},
   "outputs": [],
   "source": [
    "import numpy as np\n",
    "import matplotlib.pyplot as plt\n",
    "import matplotlib\n",
    "\n",
    "from classes.User import *\n",
    "from classes.solver import *\n",
    "from classes.Server import *\n",
    "from classes.distributed_utils import *\n",
    "\n",
    "from tqdm import tqdm, tqdm_notebook\n",
    "from time import sleep\n",
    "import pickle\n",
    "import os\n",
    "import numpy as np"
   ]
  },
  {
   "cell_type": "code",
   "execution_count": 14,
   "metadata": {},
   "outputs": [],
   "source": [
    "# System Parameters\n",
    "T = 20000\n",
    "num_users = 80\n",
    "num_svrs = 80\n",
    "num_locs = 9\n",
    "mu = np.random.uniform(low=0, high = 1, size = [num_users, num_svrs])\n",
    "ceiling = 40\n",
    "# w = np.random.uniform(low=0, high=1, size= [num_users, num_svrs])\n",
    "space_1d_dim = 15 #4 for small, 10 for big\n",
    "svr_offset_uniform = 2\n",
    "max_dist = 5\n",
    "\n",
    "num_explore = 1\n",
    "trials = 5\n",
    "\n",
    "# result dictionaries\n",
    "result_dicts = []\n",
    "performance_list = []\n",
    "user_dicts = []\n",
    "\n",
    "save_name = 'results/22_06_16_ceiling_20/'\n",
    "isExist = os.path.exists(save_name)\n",
    "if not isExist:\n",
    "  # Create a new directory because it does not exist \n",
    "    os.makedirs(save_name)\n",
    "\n",
    "\n",
    "# Generate visitng locations and server locations\n",
    "usr_locs = gen_eq_locs(space_1d=space_1d_dim, nums=num_locs,offset = 1.7)\n",
    "svr_locs = gen_eq_locs(space_1d=space_1d_dim, nums=num_svrs,offset = 1.7)\n",
    "\n",
    "with open('traces_P_40k.pkl', 'rb') as handle:\n",
    "    P_collection = pickle.load(handle)\n",
    "    \n",
    "with open('traces_P_40k_dict.pkl', 'rb') as handle:\n",
    "    P_dict = pickle.load(handle)"
   ]
  },
  {
   "cell_type": "code",
   "execution_count": 15,
   "metadata": {},
   "outputs": [],
   "source": [
    "Users_w = []\n",
    "for i in range(num_users):\n",
    "    P_temp = P_collection\n",
    "    Users_w += [User(usr_locs,svr_locs,mu[i],i,\n",
    "                  max_dist = max_dist, threshold_dist = 6, self_weight = 1 - 0.85, P = P_temp, ceiling = 1,\n",
    "                  sticky_mode = True, kick_mode=True)]"
   ]
  },
  {
   "cell_type": "code",
   "execution_count": 26,
   "metadata": {},
   "outputs": [
    {
     "data": {
      "text/plain": [
       "20"
      ]
     },
     "execution_count": 26,
     "metadata": {},
     "output_type": "execute_result"
    }
   ],
   "source": [
    "Users_w[0].reward_scale[8].sum()"
   ]
  },
  {
   "cell_type": "code",
   "execution_count": 13,
   "metadata": {},
   "outputs": [
    {
     "data": {
      "text/plain": [
       "array([[ 0.        ,  2.5       ,  5.        ,  7.5       , 10.        ,\n",
       "        12.5       , 15.        , 17.5       ,  2.5       ,  3.53553391,\n",
       "         5.59016994,  7.90569415, 10.30776406, 12.74754878, 15.20690633,\n",
       "        17.67766953,  5.        ,  5.59016994,  7.07106781,  9.01387819,\n",
       "        11.18033989, 13.46291202, 15.8113883 , 18.20027472,  7.5       ,\n",
       "         7.90569415,  9.01387819, 10.60660172, 12.5       , 14.57737974,\n",
       "        16.77050983, 19.03943276, 10.        , 10.30776406, 11.18033989,\n",
       "        12.5       , 14.14213562, 16.00781059, 18.02775638, 20.15564437,\n",
       "        12.5       , 12.74754878, 13.46291202, 14.57737974, 16.00781059,\n",
       "        17.67766953, 19.52562419, 21.50581317, 15.        , 15.20690633,\n",
       "        15.8113883 , 16.77050983, 18.02775638, 19.52562419, 21.21320344,\n",
       "        23.04886114, 17.5       , 17.67766953, 18.20027472, 19.03943276,\n",
       "        20.15564437, 21.50581317, 23.04886114, 24.74873734],\n",
       "       [ 6.66666667,  4.16666667,  1.66666667,  0.83333333,  3.33333333,\n",
       "         5.83333333,  8.33333333, 10.83333333,  7.12000312,  4.85912658,\n",
       "         3.00462606,  2.63523138,  4.16666667,  6.34647759,  8.70025542,\n",
       "        11.11805339,  8.33333333,  6.5085414 ,  5.27046277,  5.06896878,\n",
       "         6.00925213,  7.68295371,  9.71825316, 11.93151755, 10.03466215,\n",
       "         8.57969178,  7.68295371,  7.54615428,  8.2073815 ,  9.50146188,\n",
       "        11.21135337, 13.17615692, 12.01850425, 10.83333333, 10.13793755,\n",
       "        10.03466215, 10.54092553, 11.57703666, 13.01708279, 14.74317168,\n",
       "        14.16666667, 13.17615692, 12.61062163, 12.52774698, 12.93681225,\n",
       "        13.79412113, 15.02313031, 16.54119437, 16.414763  , 15.56795141,\n",
       "        15.09230856, 15.02313031, 15.36590743, 16.09433993, 17.15938357,\n",
       "        18.50300276, 18.72683755, 17.98919429, 17.57918592, 17.51983003,\n",
       "        17.81463194, 18.44661968, 19.38283892, 20.58181506],\n",
       "       [13.33333333, 10.83333333,  8.33333333,  5.83333333,  3.33333333,\n",
       "         0.83333333,  1.66666667,  4.16666667, 13.56568383, 11.11805339,\n",
       "         8.70025542,  6.34647759,  4.16666667,  2.63523138,  3.00462606,\n",
       "         4.85912658, 14.24000624, 11.93151755,  9.71825316,  7.68295371,\n",
       "         6.00925213,  5.06896878,  5.27046277,  6.5085414 , 15.29796646,\n",
       "        13.17615692, 11.21135337,  9.50146188,  8.2073815 ,  7.54615428,\n",
       "         7.68295371,  8.57969178, 16.66666667, 14.74317168, 13.01708279,\n",
       "        11.57703666, 10.54092553, 10.03466215, 10.13793755, 10.83333333,\n",
       "        18.27642683, 16.54119437, 15.02313031, 13.79412113, 12.93681225,\n",
       "        12.52774698, 12.61062163, 13.17615692, 20.0693243 , 18.50300276,\n",
       "        17.15938357, 16.09433993, 15.36590743, 15.02313031, 15.09230856,\n",
       "        15.56795141, 22.0006313 , 20.58181506, 19.38283892, 18.44661968,\n",
       "        17.81463194, 17.51983003, 17.57918592, 17.98919429],\n",
       "       [ 6.66666667,  7.12000312,  8.33333333, 10.03466215, 12.01850425,\n",
       "        14.16666667, 16.414763  , 18.72683755,  4.16666667,  4.85912658,\n",
       "         6.5085414 ,  8.57969178, 10.83333333, 13.17615692, 15.56795141,\n",
       "        17.98919429,  1.66666667,  3.00462606,  5.27046277,  7.68295371,\n",
       "        10.13793755, 12.61062163, 15.09230856, 17.57918592,  0.83333333,\n",
       "         2.63523138,  5.06896878,  7.54615428, 10.03466215, 12.52774698,\n",
       "        15.02313031, 17.51983003,  3.33333333,  4.16666667,  6.00925213,\n",
       "         8.2073815 , 10.54092553, 12.93681225, 15.36590743, 17.81463194,\n",
       "         5.83333333,  6.34647759,  7.68295371,  9.50146188, 11.57703666,\n",
       "        13.79412113, 16.09433993, 18.44661968,  8.33333333,  8.70025542,\n",
       "         9.71825316, 11.21135337, 13.01708279, 15.02313031, 17.15938357,\n",
       "        19.38283892, 10.83333333, 11.11805339, 11.93151755, 13.17615692,\n",
       "        14.74317168, 16.54119437, 18.50300276, 20.58181506],\n",
       "       [ 9.42809042,  7.86165094,  6.87184271,  6.71854812,  7.45355992,\n",
       "         8.85845484, 10.67187373, 12.72028127,  7.86165094,  5.89255651,\n",
       "         4.48763734,  4.24918293,  5.33593686,  7.16860439,  9.31694991,\n",
       "        11.60699023,  6.87184271,  4.48763734,  2.3570226 ,  1.86338998,\n",
       "         3.72677996,  6.06675824,  8.49836586, 10.9607887 ,  6.71854812,\n",
       "         4.24918293,  1.86338998,  1.1785113 ,  3.43592135,  5.89255651,\n",
       "         8.37489635, 10.86533734,  7.45355992,  5.33593686,  3.72677996,\n",
       "         3.43592135,  4.71404521,  6.71854812,  8.97527468, 11.33455876,\n",
       "         8.85845484,  7.16860439,  6.06675824,  5.89255651,  6.71854812,\n",
       "         8.24957911, 10.17212968, 12.30401922, 10.67187373,  9.31694991,\n",
       "         8.49836586,  8.37489635,  8.97527468, 10.17212968, 11.78511302,\n",
       "        13.66768289, 12.72028127, 11.60699023, 10.9607887 , 10.86533734,\n",
       "        11.33455876, 12.30401922, 13.66768289, 15.32064693],\n",
       "       [14.90711985, 12.72028127, 10.67187373,  8.85845484,  7.45355992,\n",
       "         6.71854812,  6.87184271,  7.86165094, 13.96921218, 11.60699023,\n",
       "         9.31694991,  7.16860439,  5.33593686,  4.24918293,  4.48763734,\n",
       "         5.89255651, 13.43709625, 10.9607887 ,  8.49836586,  6.06675824,\n",
       "         3.72677996,  1.86338998,  2.3570226 ,  4.48763734, 13.35934962,\n",
       "        10.86533734,  8.37489635,  5.89255651,  3.43592135,  1.1785113 ,\n",
       "         1.86338998,  4.24918293, 13.74368542, 11.33455876,  8.97527468,\n",
       "         6.71854812,  4.71404521,  3.43592135,  3.72677996,  5.33593686,\n",
       "        14.553541  , 12.30401922, 10.17212968,  8.24957911,  6.71854812,\n",
       "         5.89255651,  6.06675824,  7.16860439, 15.72330189, 13.66768289,\n",
       "        11.78511302, 10.17212968,  8.97527468,  8.37489635,  8.49836586,\n",
       "         9.31694991, 17.17960677, 15.32064693, 13.66768289, 12.30401922,\n",
       "        11.33455876, 10.86533734, 10.9607887 , 11.60699023],\n",
       "       [13.33333333, 13.56568383, 14.24000624, 15.29796646, 16.66666667,\n",
       "        18.27642683, 20.0693243 , 22.0006313 , 10.83333333, 11.11805339,\n",
       "        11.93151755, 13.17615692, 14.74317168, 16.54119437, 18.50300276,\n",
       "        20.58181506,  8.33333333,  8.70025542,  9.71825316, 11.21135337,\n",
       "        13.01708279, 15.02313031, 17.15938357, 19.38283892,  5.83333333,\n",
       "         6.34647759,  7.68295371,  9.50146188, 11.57703666, 13.79412113,\n",
       "        16.09433993, 18.44661968,  3.33333333,  4.16666667,  6.00925213,\n",
       "         8.2073815 , 10.54092553, 12.93681225, 15.36590743, 17.81463194,\n",
       "         0.83333333,  2.63523138,  5.06896878,  7.54615428, 10.03466215,\n",
       "        12.52774698, 15.02313031, 17.51983003,  1.66666667,  3.00462606,\n",
       "         5.27046277,  7.68295371, 10.13793755, 12.61062163, 15.09230856,\n",
       "        17.57918592,  4.16666667,  4.85912658,  6.5085414 ,  8.57969178,\n",
       "        10.83333333, 13.17615692, 15.56795141, 17.98919429],\n",
       "       [14.90711985, 13.96921218, 13.43709625, 13.35934962, 13.74368542,\n",
       "        14.553541  , 15.72330189, 17.17960677, 12.72028127, 11.60699023,\n",
       "        10.9607887 , 10.86533734, 11.33455876, 12.30401922, 13.66768289,\n",
       "        15.32064693, 10.67187373,  9.31694991,  8.49836586,  8.37489635,\n",
       "         8.97527468, 10.17212968, 11.78511302, 13.66768289,  8.85845484,\n",
       "         7.16860439,  6.06675824,  5.89255651,  6.71854812,  8.24957911,\n",
       "        10.17212968, 12.30401922,  7.45355992,  5.33593686,  3.72677996,\n",
       "         3.43592135,  4.71404521,  6.71854812,  8.97527468, 11.33455876,\n",
       "         6.71854812,  4.24918293,  1.86338998,  1.1785113 ,  3.43592135,\n",
       "         5.89255651,  8.37489635, 10.86533734,  6.87184271,  4.48763734,\n",
       "         2.3570226 ,  1.86338998,  3.72677996,  6.06675824,  8.49836586,\n",
       "        10.9607887 ,  7.86165094,  5.89255651,  4.48763734,  4.24918293,\n",
       "         5.33593686,  7.16860439,  9.31694991, 11.60699023],\n",
       "       [18.85618083, 17.17960677, 15.72330189, 14.553541  , 13.74368542,\n",
       "        13.35934962, 13.43709625, 13.96921218, 17.17960677, 15.32064693,\n",
       "        13.66768289, 12.30401922, 11.33455876, 10.86533734, 10.9607887 ,\n",
       "        11.60699023, 15.72330189, 13.66768289, 11.78511302, 10.17212968,\n",
       "         8.97527468,  8.37489635,  8.49836586,  9.31694991, 14.553541  ,\n",
       "        12.30401922, 10.17212968,  8.24957911,  6.71854812,  5.89255651,\n",
       "         6.06675824,  7.16860439, 13.74368542, 11.33455876,  8.97527468,\n",
       "         6.71854812,  4.71404521,  3.43592135,  3.72677996,  5.33593686,\n",
       "        13.35934962, 10.86533734,  8.37489635,  5.89255651,  3.43592135,\n",
       "         1.1785113 ,  1.86338998,  4.24918293, 13.43709625, 10.9607887 ,\n",
       "         8.49836586,  6.06675824,  3.72677996,  1.86338998,  2.3570226 ,\n",
       "         4.48763734, 13.96921218, 11.60699023,  9.31694991,  7.16860439,\n",
       "         5.33593686,  4.24918293,  4.48763734,  5.89255651]])"
      ]
     },
     "execution_count": 13,
     "metadata": {},
     "output_type": "execute_result"
    }
   ],
   "source": [
    "Users_w[0].reward_dists"
   ]
  },
  {
   "cell_type": "code",
   "execution_count": null,
   "metadata": {},
   "outputs": [],
   "source": []
  },
  {
   "cell_type": "code",
   "execution_count": null,
   "metadata": {},
   "outputs": [],
   "source": []
  }
 ],
 "metadata": {
  "kernelspec": {
   "display_name": "Python 3",
   "language": "python",
   "name": "python3"
  },
  "language_info": {
   "codemirror_mode": {
    "name": "ipython",
    "version": 3
   },
   "file_extension": ".py",
   "mimetype": "text/x-python",
   "name": "python",
   "nbconvert_exporter": "python",
   "pygments_lexer": "ipython3",
   "version": "3.7.0"
  }
 },
 "nbformat": 4,
 "nbformat_minor": 2
}
